place(-5.905, 1.000, -23.047, "Shotgunner", 672)
place(-5.970, 1.000, -25.089, "Shotgunner", 372)
place(-3.896, 1.000, -23.009, "Shotgunner", 553)
place(-3.667, 1.000, -25.009, "Shotgunner", 301)
place(-1.840, 1.000, -23.021, "Shotgunner", 557)
place(-1.624, 1.000, -25.019, "Shotgunner", 305)
place(-11.116, 1.000, -25.060, "Shotgunner", 673)
place(-11.033, 1.000, -23.006, "Shotgunner", 379)
place(-11.180, 1.000, -21.011, "Shotgunner", 722)
place(-11.156, 1.000, -18.968, "Shotgunner", 908)
place(1.961, 1.000, -17.900, "Shotgunner", 1496)
place(-0.072, 1.000, -17.946, "Shotgunner", 1356)
place(-2.159, 1.000, -17.938, "Shotgunner", 1136)
place(-4.218, 1.000, -17.903, "Shotgunner", 996)
place(-6.230, 1.000, -17.948, "Shotgunner", 1739)
place(1.937, 1.000, -15.864, "Shotgunner", 1449)
place(-0.249, 1.000, -15.889, "Shotgunner", 1165)
place(-2.366, 1.000, -15.887, "Shotgunner", 865)
place(-4.399, 1.000, -15.884, "Shotgunner", 976)
place(-6.409, 1.000, -15.954, "Shotgunner", 705)
place(-6.510, 1.000, -13.773, "Shotgunner", 1477)
place(-4.444, 1.000, -13.683, "Shotgunner", 1245)
place(-2.398, 1.000, -13.615, "Shotgunner", 957)
place(-0.348, 1.000, -13.677, "Shotgunner", 817)
place(1.776, 1.000, -13.542, "Shotgunner", 665)
place(-8.340, 1.000, -17.914, "Shotgunner", 937)
place(-8.511, 1.000, -15.879, "Shotgunner", 1817)
place(-8.637, 1.000, -13.822, "Shotgunner", 1677)
task.wait(1)
upgrade(-5.970, 2.350, -25.089, 1597)
upgrade(-5.970, 2.350, -25.089, 1533)
upgrade(-5.905, 2.350, -23.047, 583)
upgrade(-5.905, 2.350, -23.047, 1354)
upgrade(-3.667, 2.350, -25.009, 772)
upgrade(-3.667, 2.350, -25.009, 1022)
upgrade(-3.896, 2.350, -23.009, 288)
upgrade(-3.896, 2.350, -23.009, 1673)
upgrade(-1.624, 2.350, -25.019, 1122)
upgrade(-1.624, 2.350, -25.019, 972)
upgrade(-1.840, 2.350, -23.021, 582)
upgrade(-1.840, 2.350, -23.021, 992)
upgrade(-11.116, 2.350, -25.060, 1353)
upgrade(-11.116, 2.350, -25.060, 1236)
upgrade(-11.033, 2.350, -23.006, 1277)
upgrade(-11.033, 2.350, -23.006, 1287)
upgrade(-11.180, 2.350, -21.011, 2054)
upgrade(-11.180, 2.350, -21.011, 2365)
upgrade(-11.156, 2.350, -18.968, 1416)
upgrade(-11.156, 2.350, -18.968, 1266)
upgrade(-8.340, 2.350, -17.914, 1276)
upgrade(-8.340, 2.350, -17.914, 1126)
upgrade(-6.230, 2.350, -17.948, 984)
upgrade(-6.230, 2.350, -17.948, 1059)
upgrade(-4.218, 2.350, -17.903, 1344)
upgrade(-4.218, 2.350, -17.903, 1683)
upgrade(-2.159, 2.350, -17.938, 1098)
upgrade(-2.159, 2.350, -17.938, 1068)
upgrade(-0.072, 2.350, -17.946, 705)
upgrade(-0.072, 2.350, -17.946, 988)
upgrade(1.961, 2.350, -17.900, 2479)
upgrade(1.961, 2.350, -17.900, 2329)
upgrade(-8.511, 2.350, -15.879, 1779)
upgrade(-8.511, 2.350, -15.879, 1709)
upgrade(-6.409, 2.350, -15.954, 1425)
upgrade(-6.409, 2.350, -15.954, 1355)
upgrade(-4.399, 2.350, -15.884, 1165)
upgrade(-4.399, 2.350, -15.884, 1135)
upgrade(-2.366, 2.350, -15.887, 883)
upgrade(-2.366, 2.350, -15.887, 1135)
upgrade(-0.249, 2.350, -15.889, 2136)
upgrade(-0.249, 2.350, -15.889, 1986)
upgrade(1.937, 2.350, -15.864, 1435)
upgrade(1.937, 2.350, -15.864, 1445)
upgrade(1.776, 2.350, -13.542, 1356)
upgrade(1.776, 2.350, -13.542, 1226)
upgrade(-0.348, 2.350, -13.677, 2208)
upgrade(-0.348, 2.350, -13.677, 2058)
upgrade(-2.398, 2.350, -13.615, 2108)
upgrade(-2.398, 2.350, -13.615, 1959)
upgrade(-4.444, 2.350, -13.683, 2008)
upgrade(-4.444, 2.350, -13.683, 1858)
upgrade(-6.510, 2.350, -13.773, 3381)
upgrade(-6.510, 2.350, -13.773, 3231)
upgrade(-8.637, 2.350, -13.822, 2870)
upgrade(-8.637, 2.350, -13.822, 2720)
place(-5.803, 1.000, -7.934, "Commander", 2470)
place(-2.793, 1.000, -7.852, "Commander", 5794)
place(0.250, 1.000, -7.770, "Commander", 4944)
task.wait(1)
upgrade(0.250, 3.200, -7.770, 4791)
upgrade(0.250, 3.200, -7.770, 4494)
upgrade(-2.793, 3.200, -7.852, 2260)
ability(1)
activateAbility(0.250, 3.200, -7.770, "Call to Arms")
upgrade(-2.793, 3.200, -7.852, 4294)
upgrade(-5.803, 3.200, -7.934, 2544)
ability(1)
activateAbility(-2.793, 3.200, -7.852, "Call to Arms")
upgrade(-5.803, 3.200, -7.934, 4530)
ability(1)
activateAbility(-5.803, 3.200, -7.934, "Call to Arms")
upgrade(-5.970, 2.350, -25.089, 4856)
upgrade(-5.905, 2.350, -23.047, 3606)
ability(1)
activateAbility(0.250, 3.200, -7.770, "Call to Arms")
upgrade(-3.896, 2.350, -23.009, 5790)
upgrade(-3.667, 2.350, -25.009, 3373)
task.wait(0.5)
activateAbility(-2.793, 3.200, -7.852, "Call to Arms")
ability(1)
activateAbility(-5.803, 3.200, -7.934, "Call to Arms")
upgrade(-1.624, 2.350, -25.019, 6183)
upgrade(-1.840, 2.350, -23.021, 3683)
task.wait(0.5)
activateAbility(0.250, 3.200, -7.770, "Call to Arms")
upgrade(-11.116, 2.350, -25.060, 5286)
upgrade(-11.033, 2.350, -23.006, 2786)
task.wait(0.5)
activateAbility(-2.793, 3.200, -7.852, "Call to Arms")
upgrade(-11.180, 2.350, -21.011, 5658)
upgrade(-11.156, 2.350, -18.968, 3158)
task.wait(0.5)
activateAbility(-5.803, 3.200, -7.934, "Call to Arms")
upgrade(1.776, 2.350, -13.542, 2558)
task.wait(0.5)
activateAbility(0.250, 3.200, -7.770, "Call to Arms")
activateAbility(-2.793, 3.200, -7.852, "Call to Arms")
