place(-23.163, 1.666, -5.102, "Shotgunner", 700)
place(-37.120, 1.946, -6.203, "Shotgunner", 512)
task.wait(1)
upgrade(-23.163, 3.016, -5.102, 422)
upgrade(-37.120, 3.296, -6.203, 263)
upgrade(-23.163, 3.016, -5.102, 1434)
upgrade(-37.120, 3.296, -6.203, 2031)
place(-26.131, 1.747, -1.612, "Electroshocker", 1578)
task.wait(1)
upgrade(-26.131, 3.097, -1.612, 491)
upgrade(-26.131, 3.097, -1.612, 933)
place(-30.658, 1.522, -9.967, "Commander", 938)
place(-30.341, 1.518, -9.925, "Commander", 1858)
place(-25.242, 1.773, -4.908, "Shotgunner", 605)
task.wait(1)
upgrade(-25.242, 3.123, -4.908, 309)
SetTarget(-25.242, 3.123, -4.908, "Last")
SetTarget(-25.242, 3.123, -4.908, "Strongest")
upgrade(-25.242, 3.123, -4.908, 2102)
place(-27.343, 1.856, -4.684, "Shotgunner", 683)
task.wait(1)
upgrade(-27.343, 3.206, -4.684, 245)
SetTarget(-27.343, 3.206, -4.684, "Last")
SetTarget(-27.343, 3.206, -4.684, "Strongest")
upgrade(-27.343, 3.206, -4.684, 1445)
place(-29.543, 1.913, -4.560, "Shotgunner", 1528)
task.wait(1)
upgrade(-29.543, 3.263, -4.560, 1118)
SetTarget(-29.543, 3.263, -4.560, "Last")
SetTarget(-29.543, 3.263, -4.560, "Strongest")
upgrade(-29.543, 3.263, -4.560, 2003)
place(-29.269, 2.087, -1.611, "Freezer", 738)
task.wait(1)
SetTarget(-29.269, 3.437, -1.611, "Last")
SetTarget(-29.269, 3.437, -1.611, "Strongest")
upgrade(-29.269, 3.437, -1.611, 581)
upgrade(-29.269, 3.437, -1.611, 1344)
place(-31.621, 1.964, -4.491, "Shotgunner", 381)
place(-31.641, 1.966, -4.461, "Shotgunner", 429)
place(-31.660, 1.969, -4.430, "Shotgunner", 564)
task.wait(1)
upgrade(-31.660, 3.319, -4.430, 471)
upgrade(-31.660, 3.319, -4.430, 1858)
upgrade(-30.341, 3.168, -9.925, 1583)
upgrade(-30.341, 3.168, -9.925, 3777)
task.wait(0.5)
activateAbility(-30.341, 3.168, -9.925, "Call to Arms")
sell(-30.341, 3.168, -9.925)
sell(-31.660, 3.319, -4.430)
sell(-29.543, 3.263, -4.560)
sell(-27.343, 3.206, -4.684)
sell(-25.242, 3.123, -4.908)
sell(-23.163, 3.016, -5.102)
sell(-29.269, 3.437, -1.611)
sell(-26.131, 3.097, -1.612)
place(20.357, 0.781, -6.667, "Freezer", 12544)
task.wait(1)
upgrade(20.357, 2.131, -6.667, 11907)
upgrade(20.357, 2.131, -6.667, 11570)
upgrade(20.357, 2.131, -6.667, 10597)
upgrade(20.357, 2.131, -6.667, 7625)
sell(20.357, 2.131, -6.667)
